Activity1a1a =

     5     0     4
     2    -3     9

